"baseMean" "log2FoldChange" "lfcSE" "stat" "pvalue" "padj"
"NM_001305290.1" 145.913727527509 0.45803232848042 0.116185469488073 3.9422513890813 8.07203043198781e-05 0.00956400572224221
"NM_001305310.1" 59.8423979120154 -1.57087577826281 0.264433421928964 -5.94053416850161 2.84094834692033e-09 1.64630374023718e-06
"NM_001305333.1" 595.72866403987 1.67482164760634 0.156352745364789 10.7118147730556 8.95881565049021e-27 5.71070744824848e-23
"NM_001305339.1" 20.3262163592999 -1.09665323957932 0.267054390259332 -4.10647897798788 4.01736005004019e-05 0.00596519915005697
"NM_001305362.1" 319.626991211152 1.18981916538081 0.211052881931483 5.63754048033836 1.72496064475156e-08 8.20566353276443e-06
"NM_001305373.1" 213.693708937155 1.05964545167395 0.306402367712962 3.45834615960482 0.000543502571172197 0.0347144568104214
"NM_001308854.1" 1.77112589732955 -3.61629699308571 1.07795989962741 -3.35476022283913 0.000794338034253605 0.0449146947829815
"NM_001308861.1" 14.3051658735129 -0.823104598794163 0.244141731961436 -3.37142115025291 0.000747814421168088 0.0432565176614688
"NM_001308879.1" 70.7193968184283 -0.806903604109963 0.216733172647126 -3.72302769462855 0.000196847919924529 0.0172835727378363
"NM_001308913.1" 1513.8187270477 8.0449714547045 0.795192224246849 10.1170147410887 4.64363035228137e-24 2.11431123697017e-20
"NM_001308924.1" 247.810340886022 5.50943210212202 0.688894507955627 7.99749749562076 1.2697335666497e-15 2.12994464401364e-12
"XM_011413623.3" 27.2802595607624 -0.673037354880956 0.187617810828831 -3.58727858462749 0.000334147264440046 0.0251612159104542
"XM_011413703.3" 321.347448555222 -1.09113732946096 0.206606732007591 -5.28122834555491 1.28320639105939e-07 4.59532068492638e-05
"XM_011413735.3" 6.3007324675163 4.01737653772807 1.19704470603611 3.35607894798783 0.000790559977292256 0.0448340348687879
"XM_011413737.3" 34.2005227601661 -1.36106707135748 0.264548072763103 -5.14487615480113 2.67697352703833e-07 8.79592786121294e-05
"XM_011413957.2" 175.921820131489 0.476591450609501 0.132498960886339 3.59694481693584 0.000321976756558921 0.0245503425479568
"XM_011413989.3" 11.4264959831911 -2.71737160976669 0.630406307430133 -4.31050828289475 1.62879727521589e-05 0.00298350728480925
"XM_011414589.3" 16.0436538254156 0.87291499751607 0.244238407008933 3.57402837746213 0.000351530806690584 0.0254698743759876
"XM_011414951.3" 29.3204222675269 -0.667906387194624 0.180215848325744 -3.70614678675412 0.000210436367195363 0.0181543136783115
"XM_011415190.3" 15.7728077769741 -0.925306437148569 0.277224547904095 -3.33775073002797 0.000844594820359763 0.0466040234697961
"XM_011416606.3" 159.294647472432 1.05245998056351 0.228876603662372 4.59837293861652 4.25803276899393e-06 0.00100527422528426
"XM_011416726.3" 31.4489167141923 0.889285227085579 0.154365017094486 5.76092461766289 8.36543975772844e-09 4.23211580886223e-06
"XM_011416892.3" 17.5944297713054 0.951829721124995 0.266471416342369 3.57197681533715 0.000354296783165258 0.0256057756758347
"XM_011416960.3" 6.39243722381565 -1.30920619734378 0.389335912651391 -3.3626648731889 0.000771940140167995 0.0440274353992875
"XM_011417063.3" 6.20057264172571 6.28665479133601 1.45710077509036 4.31449553717116 1.59967765299249e-05 0.00296423989280096
"XM_011417064.3" 7.67204705560368 -4.4817425069747 1.06250458912895 -4.21809237609871 2.46377886056665e-05 0.00408987290854065
"XM_011417316.3" 27.1218165639274 -3.27108018319599 0.978431146805788 -3.34318893452528 0.000828214902807186 0.0459075919691663
"XM_011417317.3" 24.2311044644935 3.24999538889423 0.68052617981089 4.77570956902402 1.79074687578159e-06 0.000483683766312803
"XM_011417325.3" 20.2002418477155 -1.4056749755149 0.315310037282526 -4.45807240273604 8.26999707564888e-06 0.00175720897863387
"XM_011417799.3" 124.379143374078 -0.647837376517739 0.16511779602253 -3.92348609370576 8.72768054064228e-05 0.0100785737025852
"XM_011417830.3" 31.3021331972616 0.713159979923444 0.201578995757468 3.53786850283494 0.000403370888571047 0.0283802140409192
"XM_011417902.3" 10.5937436910116 1.30084434952548 0.276206680706383 4.70967735537261 2.48109236122009e-06 0.000637720772071023
"XM_011417904.3" 28.142448643327 0.62009974152156 0.154823888460637 4.0051942092852 6.1966548766672e-05 0.00774004165410015
"XM_011417908.2" 20.4986005686716 -0.661249886932962 0.174399093608041 -3.79159015825571 0.000149685788674369 0.0147349678736111
"XM_011418768.3" 167.671865045715 -0.802006883763104 0.206804060721098 -3.87810027021043 0.000105275328794173 0.0116101566758751
"XM_011418872.3" 63.8945100248181 0.753921928174533 0.188146364902447 4.0071033451294 6.14679716971437e-05 0.00771302044854867
"XM_011418954.3" 16.3636508837464 -1.12589102119202 0.259196811428941 -4.34376879478197 1.4005892031588e-05 0.00265711780256413
"XM_011419041.3" 50.1524457114525 -0.800089089400527 0.17570445878164 -4.5536072046689 5.27337786690236e-06 0.00122681094433513
"XM_011419098.3" 15.8494174668267 0.885247157496128 0.195388935472086 4.53069236165934 5.87906962215482e-06 0.00133841219283799
"XM_011419179.3" 53.1582095785975 0.902982211452876 0.139513811671985 6.47234994608209 9.64903272307710e-11 7.15195281278869e-08
"XM_011419181.3" 139.100481996323 0.501445832363994 0.131672522615191 3.80827998434763 0.000139936776676482 0.0142040284911873
"XM_011419576.3" 2916.66376035378 0.532658655931144 0.0893548819699246 5.96115896734583 2.50455166115393e-09 1.47824204711663e-06
"XM_011419645.3" 27.7299637961429 2.78382546511433 0.738095366958646 3.77163384263636 0.00016218212648058 0.0152931027668315
"XM_011419848.3" 2818.97990022202 -1.10763163922547 0.321979242149296 -3.44007157676294 0.000581560362242212 0.0361315630904167
"XM_011419981.3" 7.96062353542306 -3.16683783818273 0.945440683819229 -3.34958913063682 0.000809315124616162 0.0453111540595892
"XM_011420357.3" 27.5851911296517 1.1542525289493 0.179634825509952 6.42554986580459 1.31393682655363e-10 9.51768057634481e-08
"XM_011420371.3" 796.279059471729 4.38731929529344 0.562538537607673 7.79914441764566 6.23283029711804e-15 9.02967123771573e-12
"XM_011420372.3" 22.194919055135 2.89446535103751 0.766556241051972 3.77593344888215 0.000159409552645469 0.0151917733505758
"XM_011420610.3" 11.1946686247735 -3.1982130240559 0.837823537162556 -3.81728715200249 0.000134927101466874 0.0137392861915406
"XM_011420631.3" 19.5525381598568 1.62216228195286 0.474341150940617 3.41982195459138 0.000626621336604221 0.0381867595415865
"XM_011420662.3" 12.8311635536584 -0.837163487825149 0.250830773205938 -3.33756291991261 0.000845165837272281 0.0466040234697961
"XM_011420824.3" 10.7001437164755 2.73359026378349 0.59231789444226 4.6150729016173 3.92957356243423e-06 0.000941679463021834
"XM_011420913.3" 109.850426931545 0.667241536791952 0.194577785432621 3.42917633330249 0.000605416052751442 0.0371788447654989
"XM_011420959.3" 27.6158999325457 1.30427973517696 0.21082186708875 6.18664350708884 6.14587356945069e-10 3.99757719194964e-07
"XM_011420983.3" 31.3480669716257 -1.0301735860676 0.247217574968347 -4.16707261285731 3.08536239968458e-05 0.00486815200013598
"XM_011421012.3" 29.5603990386456 -0.712484863185599 0.175319939184685 -4.06391233363967 4.82569567645421e-05 0.00647886168330461
"XM_011421699.3" 5.19921541692875 2.04690872856207 0.572473759236016 3.57555031219899 0.000349491952432523 0.0254698743759876
"XM_011422329.3" 4.07731826513437 3.06711392037958 0.817894433405389 3.7500119760069 0.000176826125214599 0.0161484305525493
"XM_011422342.3" 75.3533660008981 -1.15863539263211 0.165806045017769 -6.987895963069 2.79039175139953e-12 2.61574605590017e-09
"XM_011422632.3" 22.3642622208987 -1.56228389174533 0.381693783613498 -4.09302943567794 4.25773645598169e-05 0.00611272866329047
"XM_011422990.3" 339.214376499151 0.631227747957553 0.179527203579774 3.5160562598362 0.0004380081590327 0.0302824209212369
"XM_011423572.3" 32.4060551267477 0.73344368102355 0.187583790605088 3.90995234000596 9.23143334535653e-05 0.010545671813018
"XM_011424137.3" 18.2937483414135 0.727787155065589 0.171685541866206 4.23907072869742 2.24446941228025e-05 0.00378495921207386
"XM_011424142.3" 43.3313119989511 -1.01315219118386 0.237545714741251 -4.26508300639079 1.99827896888835e-05 0.00346200388581831
"XM_011424173.3" 110.309484603733 0.78114401765739 0.196306910806131 3.9791977493285 6.91482084467273e-05 0.00850923436144437
"XM_011424596.3" 20.3630693053611 -0.621631330424374 0.171247484266468 -3.63001729974082 0.000283402224784677 0.0224133888544348
"XM_011424712.3" 148.959750110254 -0.744505314311164 0.136563748625986 -5.45170531566309 4.98890780588222e-08 2.06501908557244e-05
"XM_011425176.3" 25.6428136549666 -1.04547632430034 0.202672907823965 -5.15844142922352 2.49013978684859e-07 8.43363994162623e-05
"XM_011425181.3" 105.697687474884 -0.512686427422138 0.150731402817625 -3.40132459353846 0.000670601492943773 0.0399503005291662
"XM_011425228.3" 189.011740577459 -0.638304671537546 0.166311868154291 -3.83799832580425 0.000124041327735363 0.0128645573636949
"XM_011425478.3" 58.0243194013696 -0.704696756442747 0.129539644841433 -5.4400084028743 5.32780582377356e-08 2.10346991532226e-05
"XM_011425483.3" 292.452299814382 -1.13587520698886 0.23106078302976 -4.9159151635116 8.83686623228955e-07 0.000256044182323212
"XM_011425751.3" 136.811339493089 -0.384499366302497 0.105637434027099 -3.63980221446747 0.000272847537423635 0.0219047776140204
"XM_011425772.3" 27.8721809056041 -0.624623126341405 0.162770370796459 -3.83744979682133 0.000124318639182293 0.0128645573636949
"XM_011425989.3" 32.1442227394995 1.19984947665004 0.238978706112308 5.0207380237726 5.14733228164357e-07 0.000154769598566551
"XM_011426213.3" 6.72548550292684 1.52579281134826 0.373606728919714 4.08395431142286 4.42757397566218e-05 0.00621993466306161
"XM_011426240.3" 70.113585152614 0.656601931088068 0.160864714668885 4.08170264336453 4.47069732228361e-05 0.00621993466306161
"XM_011426321.3" 4.37701346501495 -2.01500897838379 0.546640795810125 -3.68616648049024 0.000227657455472354 0.0193490624555063
"XM_011426616.3" 6.91543911288599 -1.13032342820753 0.326700129797997 -3.45981934230153 0.000540537908253901 0.0346640326194534
"XM_011426647.3" 31.7833873365687 -0.442257899023281 0.129823164612533 -3.40661776612235 0.000657731683857865 0.0395532532602224
"XM_011426829.3" 12.8808859092106 -6.77440766103861 1.40285558522279 -4.82901285948313 1.37211548313279e-06 0.000387009421932815
"XM_011426844.3" 154.745367606015 1.09708308224531 0.331858783949987 3.30587326689729 0.000946809011988646 0.0498029803669892
"XM_011426889.3" 27.3138802475444 -0.723211030203325 0.215406490372099 -3.35742450914098 0.000786722233048017 0.0446959198069633
"XM_011427084.3" 122.040470051277 0.679229315744369 0.142379186519469 4.77056606621002 1.83708917956168e-06 0.00049203114563857
"XM_011427263.3" 3.5088099422456 3.4576040836868 0.794144461814163 4.35387294118776 1.33753247856239e-05 0.00258362637313578
"XM_011427409.3" 40.2959841267371 -0.601174269266473 0.181190757813161 -3.31790802424033 0.000906943437042429 0.0485816827317921
"XM_011427593.3" 30.6459236846483 -0.777785830739392 0.223118599433394 -3.4859748703809 0.000490347065392748 0.0322899621243753
"XM_011428050.3" 7.87620161163659 -3.98098135399701 0.923051769623895 -4.31284732341621 1.61165416776498e-05 0.00296917003670552
"XM_011428302.3" 5.53307172447331 2.34312602170154 0.595245903459572 3.93640007950207 8.27130362233802e-05 0.00972815218944943
"XM_011428362.3" 43.3917640918921 -2.03683362284003 0.589125802642171 -3.45738314924424 0.000545448733228614 0.0347690840509248
"XM_011428813.3" 5.80023420857106 2.22769101896025 0.620700590678009 3.58899452073484 0.00033195581714749 0.0251308688934081
"XM_011429405.3" 71.7207068840047 -0.529697208979034 0.158405619931382 -3.34392939599294 0.000826007562012082 0.0458650052551377
"XM_011429412.3" 39.2247465716694 -2.72138381172515 0.738602959581476 -3.68450163436551 0.000229150555514141 0.0194106074786886
"XM_011429469.3" 4.89216864631806 -1.33021760452102 0.398950325748699 -3.33429381721807 0.000855162736205853 0.0468394823866224
"XM_011429964.3" 21.6619025125622 -1.07989862544035 0.302025371526183 -3.57552287737764 0.000349528607292154 0.0254698743759876
"XM_011430087.3" 73.6919052912979 0.68000304765485 0.163881572303693 4.14935638031784 3.33411393732719e-05 0.00515848929177147
"XM_011430130.2" 8.34767748215322 1.59517607773226 0.481979983054974 3.30963138265913 0.000934189114172664 0.0495415564840452
"XM_011430224.3" 82.7316892849441 -3.60006738722779 0.725669358036817 -4.96102990619199 7.01203938855781e-07 0.000205034604946894
"XM_011430225.3" 10.3341164442055 22.2392897134032 2.94686657712057 7.5467582706556 4.46225699863628e-14 5.26744648372354e-11
"XM_011430243.2" 251.707413531501 -1.89845477783065 0.427545147750373 -4.44036094859176 8.9808118649764e-06 0.0018681059502221
"XM_011430257.3" 25.1502168835693 -0.660410705691211 0.18807794355625 -3.51136711303789 0.00044580828638049 0.0304256995792698
"XM_011430301.3" 61.6082061345134 -2.79478583788205 0.595602333574655 -4.69236885139192 2.70059656813285e-06 0.000688587310556241
"XM_011430339.3" 20.1964924424461 1.68619744071713 0.425386975220229 3.96391412746984 7.37307840971992e-05 0.00883438928851855
"XM_011430436.3" 29.1963223032311 -0.756269828408574 0.215205575692033 -3.51417395193711 0.000441123838103826 0.0303131399503423
"XM_011430500.3" 26.8703843177124 -24.1727689915765 2.65905952707704 -9.09072126645781 9.83841962808512e-20 2.72866194806664e-16
"XM_011430508.3" 4.15334243589964 -3.47974701385454 0.979030919592349 -3.55427693264626 0.000379019883529867 0.0270248808229618
"XM_011430645.3" 22.530950055524 0.795236161677101 0.190632165158771 4.17157388426437 3.02502937301655e-05 0.00486815200013598
"XM_011430696.3" 68.2495661332155 0.775940128919714 0.221270436717364 3.5067501128081 0.0004536149134224 0.0306590902719708
"XM_011430699.3" 45.4713275467702 -0.949382871100472 0.2154543540515 -4.40642230360098 1.05091980045889e-05 0.00216096231485328
"XM_011430921.3" 22.4993221130806 1.84631062176688 0.447141414324641 4.12914250977072 3.64118672352874e-05 0.00550009020153119
"XM_011430923.3" 98.6285661858198 0.547936394426049 0.103358004993695 5.30134453020329 1.14952917401545e-07 4.21124067060005e-05
"XM_011431087.3" 42.0277309749832 0.654567508140832 0.145002085161839 4.51419376080187 6.3558089118761e-06 0.00142656578619236
"XM_011431174.3" 230.042624691753 0.908869238326256 0.22506595110642 4.03823516555156 5.38548492157911e-05 0.0069774868057142
"XM_011431272.3" 46.7258625658079 -0.702250796558919 0.19998009272007 -3.51160351516549 0.000445411961736831 0.0304256995792698
"XM_011431577.3" 119.959146433383 2.05084001770403 0.52700158816784 3.89152530798612 9.96159960335575e-05 0.0111402141248475
"XM_011431655.3" 1024.72884792241 -3.68128510055465 0.492978709142014 -7.46743222838487 8.17748181100318e-14 8.68775667600978e-11
"XM_011431825.3" 15.3547592263269 -0.799686193560419 0.219253450215067 -3.64731406860873 0.000264995938878286 0.0215465861477525
"XM_011431987.3" 115.899514793217 2.16900851280214 0.512424109445957 4.23283852734274 2.30760189033456e-05 0.00387094144467069
"XM_011431991.3" 18.4542935467809 1.83929079105716 0.457698817686035 4.01856137701201 5.85545573153155e-05 0.00746500340301494
"XM_011432386.3" 13.0654763954317 -4.01207532923434 0.917188144227872 -4.37432096618723 1.21811045245195e-05 0.00239651952719436
"XM_011432388.3" 62.7522494908849 -2.07392212279966 0.506063566604918 -4.09814548933683 4.16473488776886e-05 0.00608891882307198
"XM_011432500.3" 18.7746296995967 1.81542526577015 0.459648701936919 3.94959293503953 7.82842120313374e-05 0.00930997912635368
"XM_011432571.3" 9.17868540076901 2.82289273057744 0.779036238735385 3.6235704967459 0.000290563960220773 0.0228099865521095
"XM_011432647.3" 267.290272950827 0.462863321069574 0.119048019664927 3.88803881301303 0.000101057469411941 0.011261900926914
"XM_011432819.3" 25.247867792761 0.66530167444759 0.200982014841017 3.31025477565175 0.000932110868021164 0.0495137293092842
"XM_011432843.3" 41.9902834043823 -0.673265674321006 0.188835506703367 -3.5653552982417 0.000363363599253006 0.0261424935336158
"XM_011432913.3" 17.60202474378 0.949133642047522 0.280617108016855 3.38230854403401 0.000718793621731892 0.0421128498379391
"XM_011433143.3" 393.903876103428 -1.46979081242027 0.390654403859404 -3.76238127075932 0.000168303212679907 0.0155934883562035
"XM_011433170.3" 9.60366788859965 -1.6846902566326 0.439532989109518 -3.83290969819066 0.000126636448752187 0.0130619964227499
"XM_011433250.3" 5.39770682303622 3.09931709584884 0.747174447561522 4.14805017217033 3.35318923578717e-05 0.00516293948420331
"XM_011433640.3" 9.37291454915169 5.90053650852247 1.05384419747259 5.59905963583002 2.15517654964868e-08 9.955041592812e-06
"XM_011433641.3" 12.7530475452326 5.26249696863594 1.39525272874036 3.77171594811139 0.000162128758931112 0.0152931027668315
"XM_011433645.3" 236.919914928387 1.9310390922362 0.405712018804379 4.75962999057044 1.93948181343546e-06 0.000512549939315479
"XM_011433685.2" 44.5289729223342 1.48070007417693 0.369766140148239 4.00442310262188 6.21690092698807e-05 0.00774004165410015
"XM_011433770.3" 35.3916272521678 0.685662431858167 0.169338982795058 4.04905250132504 5.14254085402434e-05 0.00677285380576297
"XM_011433782.3" 29.9646423387464 0.653115418180146 0.195004277405715 3.34923636993516 0.00081034631695425 0.0453111540595892
"XM_011433858.3" 181.786413127361 -0.783547707449805 0.183444186311284 -4.27131392498976 1.94324631792845e-05 0.00342183130635446
"XM_011434034.3" 16.8970170933725 0.980822142302764 0.268367315618381 3.65477494918753 0.000257407673928049 0.0211445808851412
"XM_011434093.3" 4.45592897295842 3.06521552749269 0.819211525282752 3.74166553190854 0.00018280470686328 0.0165580004432571
"XM_011434186.3" 312.751950444604 0.943252040895096 0.253143079874048 3.72616166858843 0.000194417732805294 0.017188401593315
"XM_011434432.3" 29.8003879875406 0.684840390567485 0.168830987114919 4.0563666793071 4.9841991096971e-05 0.00659155161926415
"XM_011434464.3" 43.8844479420681 2.96592757728228 0.871471442448682 3.40335601697807 0.000665634857103895 0.0398401088753179
"XM_011434591.3" 67.0545185001124 -0.63589836974965 0.172225358841289 -3.69224586917916 0.000222282413452805 0.0189935256878493
"XM_011434867.3" 504.705043710851 0.663102819843297 0.0883372754149001 7.50648938094201 6.07340615622151e-14 6.73909542789746e-11
"XM_011435315.3" 457.319170713284 0.600830733862963 0.158775150825372 3.78416100214437 0.000154227964665375 0.0149864441762647
"XM_011435569.3" 1625.40576881907 0.579472410208691 0.174522774135985 3.32032545939923 0.000899125618797038 0.0483253486042145
"XM_011435952.3" 8.91068371355117 0.960368183971751 0.285271999410168 3.36649999283989 0.000761285841826456 0.043955982519371
"XM_011436004.3" 12.5290829267856 -0.76739696424097 0.208467369383754 -3.68113708399284 0.000232196116059083 0.0195265293167152
"XM_011436622.3" 114.250088960757 0.449542709600376 0.107873967016704 4.16729561387842 3.08234666492964e-05 0.00486815200013598
"XM_011436623.3" 1407.94105206064 0.750449435329612 0.215313693249805 3.48537719084568 0.00049144375350827 0.0322954542511661
"XM_011436760.3" 78.8504771137912 -0.551738639004285 0.151319459359119 -3.64618431324732 0.000266163101699319 0.0215856243698745
"XM_011436951.3" 120.111611893447 -0.495180153619035 0.147194518968127 -3.36412087277692 0.000767879049012397 0.0440274353992875
"XM_011437136.3" 5.78612942672662 -5.36534442572199 1.42521235655076 -3.76459297525808 0.00016682059025058 0.0155465083405453
"XM_011437363.3" 5.19724948969648 -2.27180168790583 0.589400598429982 -3.85442718239063 0.000116000901444718 0.0122829924612826
"XM_011437364.3" 3.77649153538448 2.04280903028703 0.556699511966363 3.66950030739467 0.000243025045665548 0.0202766865325978
"XM_011437548.3" 24.1493073481609 3.13763443852736 0.660642901769655 4.74936524728052 2.04056110685556e-06 0.000533088226210658
"XM_011437549.3" 12.5115370401127 1.74455432135384 0.460434794815277 3.78892807624095 0.000151298705631052 0.0148375149103781
"XM_011437582.3" 84.608878889843 -0.599259743434405 0.169234173491256 -3.54100907087403 0.000398599874439167 0.0282688664559619
"XM_011437603.3" 117.486825300661 3.9539275714046 0.50618161223781 7.81128250377257 5.66089698238614e-15 8.59162422012433e-12
"XM_011437870.3" 3.07803113564915 -2.2011863245396 0.638849752368454 -3.44554618105272 0.000569906577610205 0.0356871896761
"XM_011437990.3" 1600.00370071807 8.77944991543938 0.812519459733903 10.8052180292576 3.25183562314902e-27 2.59106262452514e-23
"XM_011438030.3" 76.7210327672787 0.814961398027402 0.147494389346888 5.52537219643465 3.28787844015649e-08 1.43549673485846e-05
"XM_011438102.3" 249.812528501779 3.054831142274 0.447593514726696 6.82501207404514 8.79179207315514e-12 7.78366658210002e-09
"XM_011438148.3" 42.4508478831828 -0.631632254001965 0.180728982630953 -3.49491401327562 0.000474214504081891 0.0314223797798296
"XM_011438370.3" 6.74388817453533 2.32248381999236 0.681734599148145 3.40672722624669 0.00065746798295817 0.0395532532602224
"XM_011438573.3" 17.9297263154296 1.22611887308063 0.342722549368774 3.57758447857865 0.000346784156794985 0.0254698743759876
"XM_011439059.3" 36.5259250201622 -0.806273591433196 0.232781508471445 -3.4636496546808 0.000532900073661762 0.0343817634569791
"XM_011440038.3" 10.402741805744 1.92130526871022 0.535841308612001 3.58558632533765 0.000336321725746685 0.0251625493967097
"XM_011440133.3" 141.916109970883 -0.780280388438253 0.232600187977578 -3.35459913090642 0.000794800698343422 0.0449146947829815
"XM_011440434.3" 20.094790801692 0.984484007542521 0.231141382428447 4.25922869024667 2.05133516096847e-05 0.00353406239191281
"XM_011440442.3" 31.8013219501091 -0.835227726695859 0.210349335260827 -3.97066967509168 7.16708922579181e-05 0.00873979906761441
"XM_011440790.3" 622.2308308964 -0.453597345222457 0.115387195676125 -3.93108908284449 8.45619295065895e-05 0.00990866844571331
"XM_011441056.3" 143.472983165087 0.73119956576208 0.153052898794664 4.77743036244652 1.77549508301261e-06 0.000483663070818613
"XM_011441100.3" 40.5947596806493 0.735316107886805 0.217793618501937 3.37620593727482 0.000734928872425758 0.042629332184262
"XM_011441269.3" 31.3116529583797 -1.22293184984781 0.289865723101971 -4.21895985755307 2.45431961912342e-05 0.00408987290854065
"XM_011441367.3" 7.70877461676302 -1.34868844142413 0.360459938818033 -3.74157651429046 0.000182869482807056 0.0165580004432571
"XM_011441514.3" 13.2445592023 0.848682021225092 0.230153134166531 3.68746671340575 0.000226497710745538 0.0193019653392561
"XM_011441523.3" 3.7698491672903 -1.41046346632458 0.377470920166085 -3.73661490454412 0.000186514237679244 0.0167453007980644
"XM_011441619.3" 6.04830073247203 2.92523288121684 0.883631140688332 3.31046830121688 0.000931400009264074 0.0495137293092842
"XM_011441686.3" 18.1697163948132 -4.53614705572005 1.2628020909029 -3.59212824273731 0.000327988362626157 0.0249333400858968
"XM_011441767.3" 16.0023126365504 5.57935507345286 1.56111113935768 3.57396403932424 0.000351617241636375 0.0254698743759876
"XM_011442016.3" 262.029324462359 -0.448875576352683 0.105659058378728 -4.24833973764671 2.15360627293831e-05 0.00367057428508501
"XM_011442020.3" 26.5683906234392 -0.884166721150706 0.216518972048509 -4.083553107543 4.43522872654348e-05 0.00621993466306161
"XM_011442175.3" 6.09748505111761 -5.93944730172501 1.77117853199329 -3.35338713429456 0.000798289640834113 0.0449524512944609
"XM_011442247.3" 12.0966741631031 -1.61198086153737 0.431186602227639 -3.73847622632381 0.000185138996331637 0.016668785568028
"XM_011442617.3" 874.592719897969 0.402824067823958 0.10684510282335 3.77016875064416 0.000163137201724631 0.0153377843462166
"XM_011443066.3" 1291.97429192723 0.737600184299304 0.13186926919701 5.5934198224557 2.22640063181394e-08 1.0137120133882e-05
"XM_011443186.3" 37.1591852032447 -1.12453900807498 0.297419111947538 -3.78099107589742 0.00015620527414966 0.0150802087077226
"XM_011443323.3" 34.8929455161679 0.548157714976584 0.159100577661638 3.44535339238277 0.0005703132453311 0.0356871896761
"XM_011443599.3" 19.924914041222 -0.823772062991645 0.222294639175059 -3.70576666197927 0.000210752260949273 0.0181543136783115
"XM_011443620.3" 146.431064867348 0.766555187549422 0.186793330419107 4.10376101667819 4.06487364958043e-05 0.00599794689626979
"XM_011443836.3" 33.6761150381631 -0.632707683914595 0.151761573949363 -4.16909015536241 3.05818010403662e-05 0.00486815200013598
"XM_011444212.3" 4.24478819679321 -1.85415940652298 0.512892162139647 -3.61510575398137 0.000300225040222547 0.023225175927119
"XM_011444215.2" 4.24478819679321 -1.85415940652298 0.512892162139647 -3.61510575398137 0.000300225040222547 0.023225175927119
"XM_011444354.3" 22.4407279984556 -2.76486529433051 0.787745181603908 -3.50984729440178 0.000448364110072949 0.0304696394802666
"XM_011444450.3" 57.369727594445 -1.1574572654951 0.314288702134531 -3.68278356057371 0.000230701025116147 0.0194521245304282
"XM_011444504.3" 6.52527523756299 -1.26165803443617 0.337319927596519 -3.74024162588249 0.000183843440175981 0.016599031516399
"XM_011444981.3" 20.5830767407763 0.814253731929338 0.20989016340179 3.87942778609697 0.000104702478460459 0.0115870742829574
"XM_011445239.3" 20.9903161094338 0.872306671775999 0.217546355059881 4.009750802471 6.07828616430034e-05 0.00770000105381777
"XM_011445240.3" 15.3451094469675 1.41252833187451 0.427454335420151 3.30451282120256 0.000951416240682471 0.0499564059687507
"XM_011445288.3" 136.506825719012 -0.496833631054853 0.143891176713914 -3.45284292199975 0.000554711912661508 0.0351668613716374
"XM_011445572.3" 7.1466835827924 -3.95156676177964 1.07397094000549 -3.6793982170127 0.000233784972054245 0.0196084069192445
"XM_011445615.3" 57.5309329251779 -0.686035451539316 0.206084792123805 -3.32889896663109 0.000871900271473105 0.0473410655066283
"XM_011445887.3" 326.745146480123 0.532309338762121 0.151806362235161 3.50650217108509 0.000454037732441334 0.0306590902719708
"XM_011445894.3" 8.39495022962568 -6.39984071120278 1.34479620866679 -4.75896694975625 1.94586290967536e-06 0.000512549939315479
"XM_011445901.3" 2474.68491322428 0.521331712978387 0.129673724970565 4.02033421263041 5.81156355388762e-05 0.00743880134897615
"XM_011445971.3" 36.6835397351195 -0.65023399976904 0.173088756879953 -3.75665070042658 0.00017220258943855 0.0158625460421545
"XM_011446090.3" 15.7986412606362 0.867934464947869 0.197510648098208 4.39436796600609 1.11095500787026e-05 0.00224103531714183
"XM_011446139.3" 78.8744692001001 0.67377730304609 0.149060213759215 4.52016863557219 6.1790391298857e-06 0.00139672578118948
"XM_011446277.3" 96.8609596102395 -2.20445096319347 0.339194720853873 -6.49907214842284 8.08168989352230e-11 6.13284810205578e-08
"XM_011446311.3" 2.75676095082909 3.99550875321979 1.10507241811975 3.61560807030008 0.00029964343535794 0.023225175927119
"XM_011446726.2" 4.70816188245875 -5.5641929866271 1.20361025211781 -4.62291923555539 3.783770702324e-06 0.000920093232786075
"XM_011446920.3" 45.6113911473958 -0.696195680131605 0.170603688568899 -4.08077742029852 4.48853216774652e-05 0.00621993466306161
"XM_011447253.3" 5.27786130663539 -1.84325949092525 0.454094176412152 -4.05920090296917 4.92409352864466e-05 0.00653919620604011
"XM_011447370.3" 75.9994060453654 0.479487058625701 0.131927446380887 3.63447540128517 0.000278546830740752 0.0222502370660883
"XM_011447398.3" 14.6805992363319 -0.76574984334562 0.226795909056504 -3.37638296268757 0.000734456118443761 0.042629332184262
"XM_011447411.3" 23.143209101105 -6.21065006629232 1.1320099089644 -5.48639196274708 4.1022611787777e-08 1.72035879328951e-05
"XM_011447654.3" 148.897169088963 0.598456693341578 0.118762939690388 5.03908622421892 4.67759730887898e-07 0.000144742117891836
"XM_011448021.3" 39.8599854729022 -1.15009851421327 0.308683767159435 -3.72581468989018 0.000194685397062836 0.017188401593315
"XM_011448507.3" 25.906836325557 -1.10721860080263 0.331812636725462 -3.33687894388041 0.000847248422348567 0.0466381722229594
"XM_011448744.3" 15.0696963683801 1.03266980906435 0.262984371330828 3.92673451976839 8.61069321780372e-05 0.009979636881376
"XM_011448822.3" 52.2397100986652 0.474907542569132 0.129885730734766 3.65634885281526 0.000255833142508086 0.0210695450077977
"XM_011448927.3" 85.2521832397361 -0.992536299949064 0.239193049938529 -4.14951981340653 3.3317344994955e-05 0.00515848929177147
"XM_011448982.2" 28.7113499588733 -0.913654603549135 0.214674523007185 -4.25599922501543 2.08117426680076e-05 0.00356619280814376
"XM_011449189.3" 14.1725323970073 -1.81267559580618 0.418110106245529 -4.33540249022756 1.45493659476007e-05 0.00274388989042562
"XM_011449346.3" 34.6801716792197 1.56748064264578 0.171036022568219 9.16462286195047 4.97205241578423e-20 1.58469254595875e-16
"XM_011449438.3" 3.32590246752941 -1.60454186855348 0.439476143385941 -3.6510329234058 0.000261187751994754 0.0213450667476328
"XM_011449497.3" 36.1059908434215 -0.746944721180646 0.191201542082971 -3.90658314281017 9.36104425889308e-05 0.0106176228690192
"XM_011449510.3" 39.0474837907457 0.64190512732921 0.157115024865016 4.08557442472924 4.39679037982497e-05 0.00621993466306161
"XM_011449723.3" 100.097938311194 1.20207563528076 0.161508225278648 7.44281372175835 9.85630270981156e-14 1.01335509666811e-10
"XM_011449777.3" 9.12430865458349 -3.34529685805218 0.9355155696441 -3.57588581804666 0.000349043983659474 0.0254698743759876
"XM_011449847.3" 150.143014059284 -0.462949325250907 0.138769874768505 -3.33609384618381 0.000849644771374152 0.0466894450917879
"XM_011450148.3" 66.6297085363087 -0.508452113543135 0.13556920900958 -3.75049848898361 0.000176483368648404 0.0161484305525493
"XM_011450198.3" 59.3511536492911 0.766933822764715 0.212397676601823 3.61083904040282 0.000305208040500611 0.0235534882974225
"XM_011450350.3" 32.5452007807539 0.793939923172571 0.221498171495993 3.58440847529494 0.000337843005936062 0.0252171716280894
"XM_011450391.3" 94.0421641298515 0.795092911511254 0.184262716730675 4.31499614039334 1.59605691812879e-05 0.00296423989280096
"XM_011450479.3" 31.0958056768653 3.50424498440037 0.485164949008795 7.22279091174999 5.09312941111837e-13 4.91903698761105e-10
"XM_011450557.3" 2037.09069407763 0.494252980477781 0.120165291497325 4.11310932066256 3.90365409977712e-05 0.00584118607831438
"XM_011450764.3" 1.69090214259313 19.6229312068801 2.95743554882601 6.63511710835751 3.24244999502932e-11 2.58358415603937e-08
"XM_011450795.3" 176.004777804837 0.651455874711177 0.0891752751205086 7.30534191042102 2.76562574345309e-13 2.75456324047928e-10
"XM_011450825.3" 512.990358465912 1.60802758519585 0.353460163983227 4.54938844331028 5.38020470345378e-06 0.00124259336455419
"XM_011450883.3" 154.273251212697 0.325480346071523 0.0929179680150244 3.50287843163869 0.000460259471968282 0.0309147674146943
"XM_011451275.3" 538.465750326618 0.69371349481225 0.0816845923602448 8.49258684860469 2.02087686188216e-17 4.42490205564018e-14
"XM_011451289.3" 36.8556266290696 -1.26958644307872 0.295012782593227 -4.30349638384741 1.68123593417434e-05 0.00306196295394312
"XM_011452018.3" 10.425214616153 -0.880861891073121 0.249671307309193 -3.52808618886375 0.000418575842667389 0.0291922303227462
"XM_011452055.3" 46.4131085279666 0.633563172055988 0.170029632338692 3.72619268383735 0.000194393824049649 0.017188401593315
"XM_011452448.3" 19.3554813541468 -0.857072275704953 0.249417816605443 -3.43629130977747 0.000589736494333919 0.0364265146267649
"XM_011452951.3" 43.2939446951816 -1.15748237435865 0.209690047188612 -5.51996811425922 3.39061182047602e-08 1.44087439922949e-05
"XM_011453183.3" 6.09928074166865 3.71042862548074 1.01361809400506 3.66057852304108 0.000251646417073691 0.0208324015713576
"XM_011453270.3" 1610.81934246318 -1.49841716426274 0.437871235316555 -3.42204977949619 0.000621509336349327 0.0379477884446854
"XM_011453340.3" 23.9042311674467 -7.91028639813364 2.23507812773964 -3.53915431409702 0.00040141112649211 0.028367573001234
"XM_011453448.3" 25.5103497981643 0.791452183275829 0.223942233391085 3.53418009319245 0.000409042265330206 0.0286110078123439
"XM_011453524.3" 5.03058079797454 -2.75877169960626 0.80594829577713 -3.42301325539268 0.000619310572009791 0.0378861162209137
"XM_011453578.3" 64.1321421810658 0.897551271569683 0.236515831612716 3.79488876262365 0.000147709666049759 0.0146660513281555
"XM_011453647.3" 17.706207010987 -0.868995604539777 0.260942332400437 -3.33022088269769 0.000867771159916179 0.0472124853146995
"XM_011453904.3" 62.0493801045463 -1.00304913433584 0.285438458276319 -3.51406443403935 0.00044130575228912 0.0303131399503423
"XM_011453975.3" 36.9006550019343 0.771514916044376 0.222869452009937 3.46173470202626 0.00053670592589491 0.0344876840123439
"XM_011453979.3" 38.1053711743011 0.68025400556241 0.162484189472307 4.18658583196089 2.83181875570462e-05 0.00462849884009322
"XM_011453981.3" 27.7696679325346 -0.607790051396793 0.138469977474045 -4.38932729306408 1.13701836187637e-05 0.00227918548614614
"XM_011454256.3" 10.3634744676732 -22.865054384141 2.94610051662275 -7.76112500409602 8.41792943525428e-15 1.16650542156706e-11
"XM_011454280.3" 9.47513454219589 22.1182983993625 2.94704926854732 7.50523536726117 6.13183256177919e-14 6.73909542789746e-11
"XM_011454878.3" 27.2302569078165 -8.09801952796209 0.987112708201383 -8.20374356512691 2.33014863283319e-16 4.12591651253664e-13
"XM_011454880.3" 27.4710433356529 4.51058517378555 0.847311910200435 5.3234058432137 1.01842178889177e-07 3.8434080681638e-05
"XM_011454889.3" 138.384099578687 0.813876805268756 0.208317786694582 3.90690021328805 9.34877388536738e-05 0.0106176228690192
"XM_011454902.3" 68.912695740906 1.35359859632122 0.23806123721616 5.68592607578591 1.301056697556e-08 6.2829210703795e-06
"XM_011455053.3" 42.3889922058435 -0.746844962050155 0.175108469708282 -4.26504190970514 1.99864682163206e-05 0.00346200388581831
"XM_011455219.3" 325.125679511977 6.29880795898524 0.752191956441003 8.37393687216233 5.57246173890103e-17 1.11003437838909e-13
"XM_011455306.3" 26.1699859645239 -0.812006206188652 0.214169632390499 -3.79141616449202 0.000149790712570595 0.0147349678736111
"XM_011455313.3" 59.6539514578892 -0.592575694436737 0.157261549991398 -3.76809013054462 0.000164501311714272 0.0154205464910508
"XM_011455565.3" 13.4427973424165 -1.09132376996601 0.248844663995455 -4.38556227183535 1.15686555378278e-05 0.00230447618313529
"XM_011455894.3" 13.8506394685574 0.926948570945068 0.244432268346582 3.79225123268399 0.000149287769841625 0.0147349678736111
"XM_011455935.3" 51.4452393054995 -0.968106697959528 0.154608903505653 -6.26164907717706 3.80927408322409e-10 2.52935799126079e-07
"XM_011456001.3" 151.754762963238 0.392293047599785 0.0863579408105962 4.54264013149849 5.55540431169331e-06 0.00127382623181503
"XM_011456072.3" 75.0523216694796 -0.700837047151863 0.186436228451204 -3.75912478478018 0.000170508784401366 0.0157520463085227
"XM_011456091.3" 3.72369981902159 -4.21179855598393 1.20247640031124 -3.50260392211754 0.000460734014871353 0.0309147674146943
"XM_011456107.3" 337.793509702398 -1.5686988520396 0.125237374394416 -12.525804374493 5.39416794536378e-36 8.59614603773172e-32
"XM_011456110.3" 5.49014788663479 -4.09717655945116 1.16489147507468 -3.51721739502686 0.000436096454219932 0.030215796062821
"XM_011456111.3" 229.903497133701 -1.37723117228049 0.0968309969784719 -14.2230402996541 6.59253803044681e-46 2.10117372106401e-41
"XM_011456293.3" 6.65415173080512 -1.4836098041176 0.345315653809753 -4.29638734227489 1.7360413140893e-05 0.00314381299787809
"XM_011456384.3" 617.732561072796 1.79089455912975 0.30953453343337 5.78576658075942 7.21823885692991e-09 3.76979357620789e-06
"XM_011456565.3" 64.9630737859353 -0.610437243020724 0.16069817765381 -3.79865691032154 0.000145482314060283 0.0145315222105753
"XM_011456757.3" 7.62935652122307 -3.54126085028411 0.671511670294118 -5.27356560867074 1.33798390489329e-07 4.68617835349e-05
"XM_011456825.3" 14.0726004836648 -0.948750825898154 0.251535975948045 -3.77182954574307 0.00016205494911264 0.0152931027668315
"XM_011456828.3" 41.4828246316643 -0.990081011016272 0.222502607989352 -4.44975013984399 8.59702480278649e-06 0.00180266035864744
"XM_011456964.3" 28.3653318823403 -2.51186442976766 0.474791444617176 -5.29045849129185 1.22010111095215e-07 4.41898438730308e-05
"XM_011457389.3" 1047.37204179808 0.830574110855471 0.223001100047726 3.72452920939723 0.000195680055737382 0.0172284937471322
"XM_011457628.3" 24.8577946974896 -1.29130385016628 0.31246726770303 -4.1326051834445 3.58674538317657e-05 0.00544365470726684
"XM_011457656.3" 1733.78472020204 9.07971725769464 0.863956729693611 10.5094583393252 7.81410536552757e-26 4.15085277016825e-22
"XM_011457739.3" 168.737468975973 -1.22031753546735 0.236648331066278 -5.15667078643196 2.51379202577338e-07 8.43363994162623e-05
"XM_011457784.3" 5.35810738659909 -2.64192628896857 0.746730006493689 -3.5379940085358 0.000403179206842717 0.0283802140409192
"XM_011457800.3" 13.4059820529276 -6.34232195172435 1.73890657644749 -3.6473045979741 0.000265005703122458 0.0215465861477525
"XM_011458560.3" 19.0486867770862 0.628017990270411 0.188793751556323 3.32647656552899 0.000879514149926628 0.0476732567796964
"XM_011458845.3" 45.2162134883593 -0.895269548239748 0.248139570202463 -3.60792737534475 0.00030865285379474 0.0236475571061201
"XM_020062944.2" 6.08045002948326 2.71521284600339 0.7107480635193 3.820218422487 0.00013333354497505 0.0136643303712052
"XM_020063357.2" 50.8335267001327 0.508580188196178 0.146077447095354 3.48157910963624 0.000498466515604169 0.0325326222507811
"XM_020064309.2" 1.72950524232615 19.6614002899637 2.95723143648043 6.64858355265013 2.95926978044059e-11 2.48204859058427e-08
"XM_020064854.2" 9.99079774763572 -1.23049512635276 0.309941107893719 -3.97009333390752 7.18444827972821e-05 0.00873979906761441
"XM_020065965.2" 11.7878599845836 -1.09076042963359 0.317245824651102 -3.43821839367997 0.000585555232517858 0.0363089812661657
"XM_020066097.2" 4.61672685990549 4.9183799541376 1.37269442163211 3.58301154039056 0.000339655595754639 0.0252932316539529
"XM_020066098.2" 44.5497714001546 -2.49159040402584 0.592488434954091 -4.20529795525696 2.60738428009523e-05 0.00430583169819663
"XM_020066456.2" 4.58182636534789 5.84388976939612 1.58628804409271 3.68400290928157 0.000229599617829618 0.0194106074786886
"XM_020066648.2" 3.74869830747524 4.06853912507596 0.990852569228788 4.10609938493941 4.02396403508487e-05 0.00596519915005697
"XM_020066761.2" 150.984716308082 -0.523070676715097 0.150804021226517 -3.46854594765356 0.000523283035565615 0.0338985303039579
"XM_020066967.2" 6.05628993363878 1.91622122365792 0.564455471267846 3.39481380055333 0.00068675289208402 0.0406088834443449
"XM_020067267.2" 16.0859397740718 1.36818756412117 0.408194660333637 3.35180171882425 0.000802874992507573 0.0450514643683123
"XM_020068045.2" 4.6338203240636 -3.58843548058701 0.988976041147349 -3.6284352009417 0.000285144298034944 0.0224953442251726
"XM_020068497.2" 1.644597190667 -2.95468840562837 0.744768369483972 -3.96725817944656 7.27042201458734e-05 0.00881075629083375
"XM_020068971.2" 6.60319746479597 -22.2616904645598 2.94680635247553 -7.55451421022572 4.20426064174866e-14 5.15377673745436e-11
"XM_020069400.2" 1177.77636006042 0.463151646229852 0.083791603567203 5.52742311296612 3.24968568540197e-08 1.43549673485846e-05
"XM_020069537.2" 15.5509752807452 -1.44206291907749 0.430688443339821 -3.34827400497412 0.000813165711452213 0.0453404111719847
"XM_020069792.2" 56.5591836832069 0.73211541599202 0.189930915537969 3.85464058822832 0.000115899767693502 0.0122829924612826
"XM_020073627.2" 1070.05097218895 -1.90851268280628 0.351932054965701 -5.42295780073878 5.86208354691487e-08 2.27849179033257e-05
"XM_020073629.2" 6.86613625547425 -6.1106845961029 0.935262614604048 -6.53365643048815 6.41830884865723e-11 4.98937413718056e-08
"XM_020074026.2" 61.7215495581585 1.63319290844986 0.43207477023772 3.77988492026811 0.000156900860222968 0.0150802087077226
"XM_020074730.2" 18.0295417580525 -1.03781004455851 0.254784062185986 -4.07329263712316 4.6353122334857e-05 0.00634062967835434
"XM_034442975.1" 18.6969906919685 -0.862487200885151 0.242898062522059 -3.55081959868174 0.00038403355204447 0.0273212441311637
"XM_034443058.1" 22.115024361573 3.09496151509835 0.320326641287043 9.66189231923726 4.37702918478963e-22 1.55005193530683e-18
"XM_034443149.1" 32.7734406356051 0.939834823850125 0.263649524278737 3.56471276184253 0.000364254874926651 0.0261475931839239
"XM_034443357.1" 2.08322568109814 -4.12772765388768 0.717187308245842 -5.75543879043764 8.64170306862657e-09 4.30356812817603e-06
"XM_034443414.1" 5.71698810732484 1.33215724664384 0.387107437719931 3.44131142116584 0.000578901837089322 0.0360366393588103
"XM_034443437.1" 11.0580602687106 1.7907706326801 0.499263041141679 3.58682795462908 0.000334725010856945 0.0251612159104542
"XM_034443632.1" 7.41057589795263 -1.13666038285556 0.317497256372311 -3.58006363847963 0.000343510538509474 0.0254613206590092
"XM_034443959.1" 13.9612187695866 0.68363886471059 0.206797513330437 3.30583696922032 0.000946931667369335 0.0498029803669892
"XM_034444076.1" 17.9143154849153 -0.720114688413689 0.217094301996714 -3.3170593690874 0.000909702835849012 0.0486477328593619
"XM_034444094.1" 5.06370921430081 5.97616845124164 1.497793558915 3.98998140676394 6.60784749678288e-05 0.00819475935476514
"XM_034444206.1" 6.3646571051932 6.32600830993818 1.37441596296383 4.60268832755448 4.17072135002537e-06 0.000992009185582154
"XM_034444207.1" 5.6321120902095 6.15500004178317 1.22401264586764 5.02854285252927 4.94221074055055e-07 0.000150017276878883
"XM_034444279.1" 45.1662651972673 -0.600859737031493 0.134985183134664 -4.45130141751973 8.53514399151303e-06 0.00180153714766559
"XM_034444525.1" 212.448409390598 -0.584885601541124 0.15049886226029 -3.88631244620012 0.000101778493727779 0.0113027322372536
"XM_034444541.1" 6.68464683982192 4.12776016896978 1.10695337769128 3.7289376880342 0.00019228868931733 0.0171190645416814
"XM_034444588.1" 84.3130588205357 3.50746490854074 0.559385442736368 6.27021127218315 3.60558544261842e-10 2.49820041798118e-07
"XM_034444608.1" 13.6256612763248 0.862463716810158 0.249937085365746 3.45072327121072 0.000559086508123031 0.0352855548255391
"XM_034444855.1" 16.2914325297251 -6.86565353268901 1.81846821521543 -3.77551473005848 0.000159677587614297 0.0151917733505758
"XM_034444927.1" 11.1428519016297 -4.00238014589519 0.891828460777708 -4.48783630700119 7.19501771872615e-06 0.00158151451538786
"XM_034445074.1" 1300.81811779933 0.549853107273469 0.108007283872489 5.09088912857595 3.56388379647438e-07 0.000112463469664585
"XM_034445114.1" 7.71908952372385 1.7827383082732 0.482756792566553 3.69282905123998 0.000221773108439096 0.0189935256878493
"XM_034445166.1" 83.158461899871 -3.28046441717998 0.535524003862387 -6.125709386545 9.0280457754583e-10 5.75483749910814e-07
"XM_034445168.1" 5.85144159221442 -2.46162284752598 0.605128090424118 -4.06793683268065 4.74312342565872e-05 0.00643288637542957
"XM_034445353.1" 107.305440962853 -0.655715121742003 0.186772976664787 -3.5107601402041 0.000446827375248393 0.0304300899656342
"XM_034445394.1" 8.88193408933889 -1.23467018887448 0.350884641519559 -3.51873534141464 0.000433609037983902 0.0301089047028822
"XM_034445622.1" 12.9176636426954 1.27915449181704 0.386763415192606 3.30733063565495 0.000941896481604127 0.0498029803669892
"XM_034445729.1" 39.4791067776252 -0.781653330681968 0.227927950353909 -3.42938779324026 0.000604944509055224 0.0371788447654989
"XM_034445754.1" 21.2918934442591 8.0570535052189 2.17229787857961 3.70900031007126 0.000208079173204529 0.018021465783627
"XM_034446150.1" 9.81234114965782 -1.02959056797855 0.272461846482658 -3.77884309774023 0.000157558656490701 0.0150802087077226
"XM_034446317.1" 7.20629110529917 2.4975114245397 0.715752315528014 3.48935151218794 0.000484193980101522 0.0319507878546495
"XM_034446360.1" 2.90982652402688 2.56224348581098 0.738354193504489 3.47020916025366 0.000520053217123312 0.033826808441131
"XM_034446422.1" 68.8696427823052 2.12991612749644 0.633288659587631 3.36326270058798 0.000770270266180655 0.0440274353992875
"XM_034446803.1" 26.5560809716443 -0.602709989914792 0.168080247288777 -3.5858466395476 0.000335986376668147 0.0251625493967097
"XM_034446824.1" 1336.18208686339 0.273183089971703 0.0721545406755668 3.78608314063053 0.000153040488967938 0.0149165335302328
"XM_034447263.1" 7.23559246962477 -2.6463206719902 0.591111020311934 -4.47685896736237 7.57492529557225e-06 0.00165361656863342
"XM_034447416.1" 1.69090214259313 19.6229312068801 2.95743554882601 6.63511710835751 3.24244999502932e-11 2.58358415603937e-08
"XM_034447633.1" 57.3186382323559 -0.407176082152078 0.11849111163137 -3.43634283235368 0.000589624343297111 0.0364265146267649
"XM_034447648.1" 65.9226341350478 -0.949860440050258 0.151584594834178 -6.2662069393617 3.69948629303887e-10 2.50872398152627e-07
"XM_034447649.1" 7.91311984106474 1.91600036103353 0.576187494613939 3.32530709004246 0.000883211963137455 0.0477924137336451
"XM_034447990.1" 39.2955345140909 -3.71048229035016 0.913947627282914 -4.05984126396946 4.91060883194644e-05 0.00653919620604011
"XM_034448172.1" 7.75248582181754 6.5930966936916 1.92091992182111 3.43226004311575 0.000598573315003566 0.0369008291988272
"XM_034448197.1" 16.8384214954462 1.02785357492718 0.235519528119796 4.36419681685321 1.2759066700009e-05 0.00247961569428468
"XM_034448205.1" 44.6063440805401 2.32876102871218 0.60313440151718 3.86109799549519 0.000112878615753132 0.0121133577147603
"XM_034448240.1" 35.9337240388213 -0.484066348957452 0.13229699598314 -3.65893681379691 0.000253263768911256 0.0209119762765273
"XM_034448598.1" 23.4972989839837 0.761787530968707 0.215154100006952 3.54066007082408 0.000399127444314221 0.0282688664559619
"XM_034448601.1" 132.48396098855 -0.581652772730541 0.121452087392871 -4.78915418595501 1.67485757954413e-06 0.00046018155840716
"XM_034448605.1" 9.18661984953997 1.5137160017086 0.400149293260078 3.78287810875816 0.000155025341983759 0.0150181389048825
"XM_034448759.1" 7.29944460497928 -1.62824371161739 0.464339524301781 -3.50658004843709 0.000453904887335614 0.0306590902719708
"XM_034449458.1" 12.1154150098868 1.99461411441788 0.490843895684212 4.06364249806445 4.83128047426939e-05 0.00647886168330461
"XM_034449476.1" 100.003925972819 -0.712206168969891 0.137791251634595 -5.16873285147718 2.35686511171117e-07 8.07720482155465e-05
"XM_034449510.1" 88.604214592201 0.763190588879935 0.210448645781677 3.62649322852704 0.000287296349780721 0.022609158667188
"XM_034449775.1" 105.859772718865 0.814697479846348 0.169817552150928 4.79748688829451 1.60668723015289e-06 0.000445289873038547
"XM_034449992.1" 56.0276967682011 1.25778600297544 0.37648455429244 3.34087013301065 0.000835162778561345 0.0462123404137278
"XM_034450019.1" 6.27883709373367 2.4141067689268 0.622657053126925 3.8771049919107 0.000105706750401715 0.0116175363751843
"XM_034450047.1" 25.3386228657779 -0.758531730017433 0.168445568358326 -4.50312666228086 6.69609476147778e-06 0.00148206897387375
"XM_034450222.1" 117.739183494328 -6.14374600683397 1.58673508093542 -3.87194187653057 0.000107971702753248 0.0117851853087381
"XM_034450223.1" 301.134755722391 -3.13180576753538 0.745047982171184 -4.2034954022811 2.62824493060918e-05 0.00431790837259669
"XM_034450567.1" 11.9343548596266 -2.81248831246321 0.646314198317339 -4.35158057765936 1.35159630942246e-05 0.00259506491409112
"XM_034450895.1" 121.124658994748 -0.391238325915505 0.0846570058751642 -4.62145243469191 3.81062709361703e-06 0.000920093232786075
"XM_034450951.1" 13.5077125338667 8.5407643948998 2.1696940998672 3.93639103107786 8.27161534682729e-05 0.00972815218944943
"XM_034451123.1" 8.41175238870893 1.20771033594103 0.355432689652194 3.39785948535805 0.000679152935970136 0.0403090547024957
"XM_034451574.1" 4.40506652040498 5.06173986002422 1.15094568677304 4.39789637182276 1.09305142677045e-05 0.00221896401745401
"XM_034451583.1" 18.0542148384145 1.68885021252557 0.448547120271914 3.76515673872073 0.000166444639734909 0.0155465083405453
"XM_034451662.1" 9.60209903431726 -3.88754033053512 0.823898918116958 -4.71846757539164 2.37627832802947e-06 0.000615745876999635
"XM_034451680.1" 9.20122046430427 -22.7269428839087 2.94625686724716 -7.71383620232121 1.2209114968418e-14 1.62137046780591e-11
"XM_034451960.1" 9.68340221202494 -0.844630892437535 0.252377195693248 -3.34670052148509 0.000817795084438209 0.0454882459532541
"XM_034452505.1" 12.1510559639005 3.49199031788781 0.988116891490234 3.53398504565725 0.000409344238279017 0.0286110078123439
"XM_034452506.1" 12.1510559639005 3.49199031788781 0.988116891490234 3.53398504565725 0.000409344238279017 0.0286110078123439
"XM_034453221.1" 63.4853326557444 -0.635556570421567 0.149693886285685 -4.24570826632579 2.17903998953043e-05 0.00369416822054861
"XM_034453254.1" 115.090752246986 -3.24315056203605 0.567293607490061 -5.71688190950198 1.08496459861813e-08 5.31999872110108e-06
"XM_034453255.1" 261.44095064433 -1.28632473293155 0.222427940366212 -5.7831076923776 7.33330828705099e-09 3.76979357620789e-06
"XM_034453471.1" 3.97055973399713 -1.67705840949021 0.436584411058972 -3.8413153722607 0.000122376764724491 0.0127881712960622
"XM_034453633.1" 8.42555442842699 -1.50184647224204 0.388704304767482 -3.86372482584267 0.000111671015771527 0.012065012253119
"XM_034454002.1" 19.8071099100172 3.22758254588582 0.952925164185918 3.38702625052739 0.00070654627038803 0.0415841746772902
"XM_034454255.1" 5.34940621485038 -5.2482527594471 1.44457075243425 -3.63308806481321 0.000280049383896508 0.0222586881884028
"XM_034454272.1" 33.1751349392564 -0.925839648675434 0.243607314122328 -3.80054126047513 0.000144380373991951 0.0145163762771971
"XM_034454297.1" 33.1012426085314 1.22059669927144 0.254305784571712 4.79972054637727 1.58887178825385e-06 0.000444215102063394
"XM_034454369.1" 90.0513213293292 -0.594128056378772 0.142538442716998 -4.16819522546897 3.07020926549745e-05 0.00486815200013598
"XM_034454536.1" 8.4680037076046 1.70064609841397 0.415789854904343 4.09015775241851 4.31079886826783e-05 0.00616115612239606
"XM_034454589.1" 41.7174040012121 -0.809876839957558 0.189019558530273 -4.28461925450878 1.83052401196146e-05 0.0032776663656874
"XM_034454728.1" 1225.11522890923 0.706385849433585 0.165119687041875 4.27802318480922 1.88560385403677e-05 0.00335742827015977
"XM_034455079.1" 33.7957006002482 -0.70019483766303 0.184354297741845 -3.79809337910595 0.000145813394035067 0.0145315222105753
"XM_034455182.1" 30.7517153755265 0.52275724630166 0.145939831051404 3.58200528625753 0.000340966891565565 0.0253316940978501
"XM_034455456.1" 3.93678257383882 -1.75275868647867 0.419093859112172 -4.18225809891797 2.88628043171271e-05 0.00469344540405855
"XM_034455724.1" 67.9914808896071 -1.31790237806349 0.262971282797934 -5.01158287719258 5.39841238747716e-07 0.000160802055713712
"XM_034455886.1" 178.464298262408 -0.493677865458911 0.13192100583766 -3.74222332769674 0.000182399303325155 0.0165580004432571
"XM_034455914.1" 5.11098846913062 1.19534724255585 0.345897772722819 3.45578184313355 0.000548699215689946 0.0349064698652095
"XM_034456029.1" 9.45629895687702 -2.33617138823848 0.434335110143759 -5.3787302331263 7.50130098115788e-08 2.88049957676462e-05
"XM_034456207.1" 54.3972381637872 0.532938259792451 0.132959227877038 4.00828335349026 6.11617104115684e-05 0.00770492503651189
"XM_034456217.1" 7.10562188320754 1.67252436619363 0.4672860297717 3.57923040629049 0.000344607544814147 0.0254698743759876
"XM_034456345.1" 4.0583332141803 5.69376227490019 1.14497301474709 4.97283534333591 6.59806997168472e-07 0.000194716376053273
"XM_034456594.1" 135.340672530312 0.77183249112639 0.1509747363307 5.11232879013443 3.18211349524984e-07 0.000101420321320603
"XM_034456595.1" 1750.22655789559 0.727648520266739 0.115991422531931 6.27329594191698 3.53484108954662e-10 2.49820041798118e-07
"XM_034456614.1" 7.25716009646968 6.50081939186373 1.65461138793834 3.92891009892288 8.53317307437364e-05 0.00996224513649952
"XM_034456624.1" 132.562155201424 -0.378042083606493 0.111002972009889 -3.40569335001962 0.00065996262488084 0.0396126719024522
"XM_034456663.1" 26.8189559430077 -4.74624164113496 1.1066137786088 -4.28897753930173 1.79497521905371e-05 0.00323217232664858
"XM_034456876.1" 846.630640761182 0.496304813972151 0.0885915179711665 5.60217078720427 2.11683825951938e-08 9.92174544226496e-06
"XM_034456917.1" 2.59701419212416 2.85639705428306 0.851666057326431 3.35389326568905 0.000796830928957917 0.044949726314596
"XM_034456921.1" 20.170101193833 -0.955671602851044 0.247105259716006 -3.86746766924096 0.000109971402938608 0.0119624865339909
"XM_034457089.1" 71.3842012659762 -5.6215799767571 1.55780382262425 -3.60865719746861 0.000307785992986697 0.0236379642613783
"XM_034457172.1" 11.2144321745163 6.87743668150329 1.525023728595 4.50972437513445 6.49119071608415e-06 0.00144676384967157
"XM_034457229.1" 14.8287472498094 -4.83350466627428 1.10351031898046 -4.38011732481124 1.18615426867266e-05 0.0023481434069028
"XM_034457255.1" 2319.98253435258 0.434647625751308 0.12101543073892 3.59167110423316 0.000328564346011442 0.0249333400858968
"XM_034457257.1" 27.5997863794496 -0.86820742958601 0.17802253368398 -4.87695243753368 1.07737399952182e-06 0.000306589858149638
"XM_034457808.1" 89.7474332334258 0.763364138609516 0.219133609415149 3.4835557203976 0.000494800111112958 0.0324491134596548
"XM_034457809.1" 8.61260066597138 5.18561416510082 1.41536261310917 3.66380609256692 0.000248494936237355 0.0206377135331079
"XM_034457811.1" 662.501508070155 8.12264650220061 0.980701242857086 8.28248823111188 1.20627883052738e-16 2.26155993450404e-13
"XM_034457978.1" 6.92654146421917 2.81372289354189 0.691384880149704 4.06969110017656 4.70755124291652e-05 0.00641192620573655
"XM_034458218.1" 124.507005314324 2.19404998604394 0.553472077356876 3.96415659579739 7.36558921117063e-05 0.00883438928851855
"XM_034458316.1" 33.4838388954859 -3.0029915646023 0.896927585754834 -3.34808697189869 0.000813714708533359 0.0453404111719847
"XM_034458350.1" 6.0513711853178 -1.58028061348902 0.458716490426167 -3.44500502264672 0.000571048780585185 0.0356871896761
"XM_034458351.1" 3.65659609530706 -1.92666925005936 0.530027490215155 -3.63503645683975 0.000277941328246104 0.0222502370660883
"XM_034458358.1" 3.23076439077554 3.2325892375747 0.946607832429091 3.41491917437398 0.000638009406070108 0.0388065568516536
"XM_034458362.1" 26.6226894226181 -1.22263095770155 0.32782906169156 -3.72947703718798 0.000191877590569516 0.0171190645416814
"XM_034458699.1" 56.1621021245353 -0.529657328296494 0.145757583520949 -3.63382347252189 0.000279251958055518 0.0222507960178637
"XM_034458742.1" 111.417056732289 -0.373074730946283 0.108268160307261 -3.44583975461957 0.000569287833241605 0.0356871896761
"XM_034458842.1" 121.534117489901 -0.95884335705322 0.265659813797413 -3.60929017959945 0.000307036002308612 0.0236373223806282
"XM_034458843.1" 26.5709942640189 -2.02445766619728 0.44131766991404 -4.58730253558985 4.49009782009769e-06 0.00105226763030995
"XM_034458844.1" 4.77627915677188 -1.70044802459764 0.485841137971655 -3.50000831896794 0.000465243638643711 0.031021433579189
"XM_034458868.1" 16.4853051123022 0.712673686563868 0.176224961229904 4.044113169837 5.25215466888152e-05 0.00683582005819562
"XM_034458912.1" 13.6224713294323 7.42122376551423 1.08108409635681 6.86461283680272 6.66718238714055e-12 6.07132677265553e-09
"XM_034458915.1" 89.9725669088036 -0.902100494123788 0.24049474373464 -3.75101958618754 0.000176116939936699 0.0161484305525493
"XM_034459041.1" 4.57116225756135 -2.95470965193325 0.781814201450578 -3.77929902840224 0.000157270467716193 0.0150802087077226
"XM_034459403.1" 8.34971105378056 -3.08592251295394 0.753283016800799 -4.09663093966978 4.19206416835843e-05 0.00610088900337533
"XM_034459707.1" 64.6588625733449 1.36674752721518 0.395114097531569 3.45912113932097 0.000541941102946387 0.0346842305885688
"XM_034460299.1" 50.3088252020193 -0.721085706407771 0.197978910964016 -3.64223493753249 0.00027028122491704 0.0218639675141013
"XM_034460679.1" 36.9006243900171 -1.71505271550759 0.444132788424339 -3.861576447873 0.000112657749313942 0.0121133577147603
"XM_034460779.1" 5.12234475053073 -1.6331241665367 0.479892677967098 -3.40310290512219 0.000666251820737463 0.0398401088753179
"XM_034460988.1" 2.98985820128093 -1.952536316107 0.567228852966322 -3.44223730139293 0.000576923911645721 0.0359837943482827
"XM_034461638.1" 8.05649420876896 1.4665820609312 0.333331450121946 4.39977103989036 1.08365152323936e-05 0.00221398341978749
"XM_034461819.1" 33.2216924714466 -4.71864801331297 0.853778615013751 -5.52678168594908 3.26158403332143e-08 1.43549673485846e-05
"XM_034461937.1" 16.9117136046855 -4.21878906745093 1.24584692881559 -3.38628203021832 0.000708465325356696 0.0415841746772902
"XM_034462019.1" 76.5325362060085 -0.609627455372091 0.139557277545101 -4.36829569977155 1.25219877674838e-05 0.00244847112960273
"XM_034462237.1" 26.0011245694929 -0.926656134576655 0.257587569661457 -3.59744119560794 0.000321363119052126 0.0245503425479568
"XM_034462308.1" 37.4755149206555 -4.61720991345465 1.12652242484893 -4.09864003734665 4.15584769161095e-05 0.00608891882307198
"XM_034462375.1" 7.44773465703664 -3.48989056834022 0.858877054577919 -4.06331796819892 4.83800539855201e-05 0.00647886168330461
"XM_034463330.1" 12.9974293617513 7.33033019470229 1.90644628823982 3.84502319311091 0.000120541036824461 0.0126794849031987
"XM_034463341.1" 4.49310487554123 -2.76902911212967 0.760728185944907 -3.63997175770506 0.000272667946199983 0.0219047776140204
"XM_034463907.1" 767.129260021739 0.542858415863743 0.134609248769656 4.03284633727275 5.51053146340557e-05 0.00711059347375152
"XM_034463916.1" 43.7370041589627 -0.749431512066826 0.181740575609399 -4.12363342392797 3.72942265390755e-05 0.00560679994459158
"XM_034463962.1" 28.942099885816 2.64122111574078 0.709588741944421 3.72218576707302 0.000197505625805363 0.0172936794111772
"XM_034464015.1" 65.8009351229315 0.723351352087443 0.18569931964968 3.89528272614051 9.80842521252642e-05 0.0110075397314663
"XM_034464143.1" 2.06357952444213 2.56610435105184 0.730148069233072 3.51449857800378 0.00044058503067058 0.0303131399503423
"XM_034464492.1" 3.86825201620012 -4.25774461164668 1.17726271085285 -3.61664781564536 0.000298442921544288 0.023225175927119
"XM_034464576.1" 13.049438242444 -1.07491862754598 0.323935935734892 -3.31830621109504 0.000905651409567406 0.0485816827317921
"XM_034465003.1" 6.58887820076785 -3.93754563103632 1.16271741556633 -3.38650266893822 0.00070789587934028 0.0415841746772902
"XM_034465520.1" 12.1601557568993 0.848913135555937 0.241734084581673 3.51176432990409 0.000445142546192215 0.0304256995792698
"XM_034465546.1" 22.7580710313292 1.04964636329026 0.2252962743698 4.65896014581838 3.17810719766914e-06 0.000797579784284338
"XM_034465703.1" 16.0507086408244 -1.41689854045096 0.389095092260105 -3.64152251888026 0.000271030412639954 0.0218690666117991
"XM_034466028.1" 30.3521373359767 -2.98323950475051 0.637276013857841 -4.68123613611477 2.85150251291669e-06 0.000721294349933973
"XM_034466255.1" 153.582063351857 0.542620933152769 0.143285480961483 3.78699174202188 0.000152482165786741 0.0149077042575307
"XM_034466358.1" 31.1564289519015 -3.18976637916931 0.747524284433141 -4.26710736439573 1.98023871479654e-05 0.00346200388581831
"XM_034466383.1" 57.6601251828545 1.54800308776726 0.446291327944993 3.46859325027722 0.000523190920163819 0.0338985303039579
"XM_034467108.1" 9.00011590299578 2.13447517926421 0.618291424918611 3.45221540076378 0.000556003675121602 0.0351668613716374
"XM_034467233.1" 36.4582085483845 -4.93132734510047 0.542738203117181 -9.08601479825395 1.02735766116967e-19 2.72866194806664e-16
"XM_034467405.1" 4.19226891924811 -4.39474060889114 0.651572697297618 -6.74482007474871 1.53216772007091e-11 1.31981755605676e-08
"XM_034467444.1" 12.2999708160197 -0.903797790736369 0.266621201938068 -3.38981965487615 0.000699386174810932 0.0412793262288408
"XM_034467569.1" 9.12468325378182 -1.28469956039619 0.289394193769577 -4.43927206576612 9.0263653468312e-06 0.0018681059502221
"XM_034467743.1" 70.6046042531978 -1.15161552175182 0.333964910386692 -3.44831293927971 0.000564100054148404 0.0355316144779011
"XM_034467848.1" 15.4897308773059 -0.927073746051947 0.243571687965336 -3.80616381894059 0.000141138916098156 0.0142353782717735
"XM_034467900.1" 12.6682074230872 2.17680181392228 0.623648528533193 3.49043044973115 0.000482243117294737 0.0318880760050163
"XM_034467910.1" 77.1002444959798 1.19961327502761 0.203205127185641 5.903459679596 3.55956651068169e-09 2.0259018540794e-06
"XM_034468024.1" 6.75028732747092 -6.0864341742678 1.7919841817974 -3.39647762301282 0.000682591382527188 0.0404378300072612
"XM_034468098.1" 51.7446620537516 -0.722843095490436 0.208761606474555 -3.4625288993383 0.000535124443601457 0.0344555278110417
"XM_034468207.1" 11.3273120515205 -1.01002018276781 0.264210292297395 -3.8227889382558 0.000131950719226947 0.0135662365264557
"XM_034468303.1" 48.4040508278689 2.23102967704956 0.571667682094757 3.90266888776083 9.51378104344548e-05 0.010752596787826
"XM_034468386.1" 10.000815661706 1.97492375636954 0.56337848394153 3.50550085362242 0.000455749039929548 0.0307095843565212
"XM_034468456.1" 3.5021951560073 -2.84695465175451 0.775642702055008 -3.67044599815316 0.000242127621571624 0.0202548334769837
"XM_034468483.1" 127.796264611497 -1.20253712693865 0.306731048309911 -3.92049364928864 8.83677649242568e-05 0.0101311417398054
"XM_034468505.1" 5.71223642938103 -4.53243393993241 1.36103766543666 -3.33013116024109 0.000868050840688186 0.0472124853146995
"XM_034469181.1" 5.56195965215956 -1.77855226595558 0.528755198893088 -3.3636591558416 0.000769164722548956 0.0440274353992875
"XM_034469434.1" 44.8406360376018 -0.488047621303361 0.124274043401346 -3.9271887189443 8.59445445755207e-05 0.009979636881376
"XM_034469641.1" 308.221847086262 1.22147854006999 0.30727504226687 3.97519606883376 7.03212976138892e-05 0.00862030922134568
"XM_034469689.1" 8.07803086623667 1.79652007421962 0.539463164236141 3.33019971208493 0.00086783714492938 0.0472124853146995
"XM_034469778.1" 36.349480878951 -0.914169603615019 0.254763660159374 -3.58830456056071 0.000332835353834177 0.0251377450175424
"XM_034469790.1" 79.387648775499 -1.42872018708716 0.244659733634728 -5.83962128079566 5.23196179607077e-09 2.87505321317875e-06
"XM_034469941.1" 6.65024708489995 -6.06501197809562 1.79453811212087 -3.3797064197916 0.000725632947813149 0.0423578265800379
"XM_034470068.1" 34.1783491266935 0.955453448181461 0.274339377391057 3.48274264259012 0.000496305229643371 0.032480986199576
"XM_034470240.1" 53.5009839707203 0.574997774559954 0.114189427205563 5.03547297356039 4.76670382863825e-07 0.000146081138871498
"XM_034470321.1" 11.5370824899308 2.30340625537436 0.450456995773313 5.11348758480271 3.1626455160393e-07 0.000101420321320603
"XM_034470338.1" 23.2759392426188 -1.32443783596828 0.37118206087968 -3.56816229973357 0.000359493808492988 0.0259225942630962
"XM_034470402.1" 3.54122979392051 -2.02123527129903 0.608103445916714 -3.32383459569452 0.000887888402442224 0.047895106658834
"XM_034470406.1" 2.86544672164248 5.18575614600193 1.41546193132067 3.663649322708 0.0002486471510013 0.0206377135331079
"XM_034470452.1" 4.16832327410448 -5.39192470098196 1.29447124249521 -4.16534915877199 3.10876413153792e-05 0.00488091282760475
"XM_034470781.1" 11.9465371075051 3.79959293724057 0.953363779343876 3.98545971597067 6.7349603325622e-05 0.00832002541548149
"XM_034471023.1" 27.9273375945796 -1.08750270590463 0.311009784558102 -3.49668325531883 0.000471080809848926 0.0313059273038229
"XM_034471029.1" 19.3294205519373 7.1824515979528 1.8611053621094 3.85923964552555 0.00011374035999638 0.0121490383038589
"XM_034471052.1" 75.8820756388835 -0.726041172910801 0.202945065985194 -3.57752561948842 0.000346862231033484 0.0254698743759876
"XM_034471087.1" 46.8457167533788 -1.70484232100179 0.440128431861606 -3.87351099721242 0.000107278563444893 0.0117497676086448
"XM_034471156.1" 148.469071435076 -2.42787010452707 0.587106239434288 -4.13531647503264 3.54465799642027e-05 0.00541108922566748
"XM_034471171.1" 23.6646856235455 -1.46007048903964 0.439282322486236 -3.32376336196727 0.000888115211953154 0.047895106658834
"XM_034471181.1" 79.9667030822131 -0.767003875716197 0.199813393036324 -3.83860092689965 0.000123737352095013 0.0128645573636949
"XM_034471468.1" 1.86315165669389 -3.14540713899375 0.949177859637692 -3.31382270146332 0.000920298426604927 0.049103071808086
"XM_034471632.1" 28.4418253343027 -0.663410205177425 0.152499483260196 -4.35024559424579 1.35985141585615e-05 0.00259528049857289
"XM_034471694.1" 16.0005604157397 5.77780629664568 1.0948729687412 5.27714763411187 1.31210176098646e-07 4.64658970290671e-05
"XM_034471697.1" 51.1446373577063 -2.32236956331482 0.437623398929028 -5.30677648635385 1.11580860404278e-07 4.13523858465715e-05
"XM_034471759.1" 45.3478700616827 -2.32026061625643 0.692067472206841 -3.35265087500452 0.000800416025098585 0.0449926976224729
"XM_034472096.1" 4.03253435369361 -1.44621351745377 0.423801843015867 -3.41247576263991 0.000643756513586151 0.039081538287653
"XM_034472105.1" 5.03248326991516 -2.6764831328848 0.752710052695783 -3.55579565238851 0.000376836902845372 0.0269294748149948
"XM_034472119.1" 9.61443137995703 -1.79038151033591 0.530199118447005 -3.37680967026139 0.000733317738301778 0.042629332184262
"XM_034472167.1" 81.0973309444774 0.890286734358836 0.222051543721643 4.00936971406455 6.08810324285291e-05 0.00770000105381777
"XM_034472465.1" 13.5076572461232 -1.4222638650571 0.418010521797328 -3.40245948580855 0.000667822558670817 0.0398592520411166
"XM_034472524.1" 50.2769072449163 -1.05921979493006 0.268171452119719 -3.94978580515422 7.82211601519208e-05 0.00930997912635368
"XM_034472602.1" 190.880954818812 -0.853810119645825 0.230179142582555 -3.70932878655415 0.000207809427843561 0.018021465783627
"XM_034472902.1" 10.5724519572115 -2.88358790580902 0.71303445702092 -4.04410737435711 5.25228457323658e-05 0.00683582005819562
"XM_034473158.1" 11.013390197069 2.54585175789346 0.478342683869178 5.32223412993544 1.02500528926306e-07 3.8434080681638e-05
"XM_034473208.1" 18.4897176211362 -0.874206152297503 0.204636876352688 -4.27198737529019 1.93738547333957e-05 0.00342183130635446
"XM_034473522.1" 29.4862396771308 -0.606460735908224 0.150634150380102 -4.02605076191496 5.67214490814504e-05 0.00728962106904834
"XM_034473839.1" 5.27640133336808 4.38543461160966 1.32610940942193 3.30699305837919 0.000943032288594094 0.0498029803669892
"XM_034474036.1" 3.20500745687303 3.41486807311172 0.955402856879037 3.57427031803829 0.000351205949939917 0.0254698743759876
"XM_034474325.1" 16.8840388248758 -2.27315318028506 0.666395808749259 -3.41111566195394 0.000646976407735236 0.0391279545869781
"XM_034474636.1" 16.2841257084735 3.08140403280735 0.529378502522689 5.82079555199784 5.85681766231144e-09 3.16387275479983e-06
"XM_034474649.1" 7.3619758184981 -1.54265267093787 0.453976899719063 -3.39808627243483 0.000678590168965916 0.0403090547024957
"XM_034474866.1" 2.90855966929155 -3.19516385459087 0.858899696532016 -3.72006634475713 0.000199170451329844 0.0173901180165018
"XM_034474911.1" 7.06429689775 -2.31783478489884 0.606965099819419 -3.81872826887152 0.000134141423216314 0.0137030623100973
"XM_034475156.1" 15.6073879794409 -6.5594224029328 1.51465368028 -4.33064170927852 1.4867542827056e-05 0.00278740191167017
"XM_034475157.1" 10.5917712974151 -4.58491243252561 1.099968287605 -4.16822237894557 3.0698436227001e-05 0.00486815200013598
"XM_034475818.1" 35.4669628759561 0.852589228250252 0.239560351447308 3.55897469301293 0.000372305399895153 0.0266654330459738
"XM_034476264.1" 10.8031909559288 3.57874919063603 0.968611718601909 3.69472010497827 0.000220129137366742 0.0189109322537811
"XM_034476388.1" 12.5396563586892 -1.07377266696383 0.31104304160271 -3.45216746026853 0.000556102476509326 0.0351668613716374
"XM_034476392.1" 55.0194697733914 -10.4050746376183 1.8848317444246 -5.52042624939697 3.38178309990776e-08 1.44087439922949e-05
"XM_034476517.1" 2.83936839630414 -2.3601967713261 0.677979815707931 -3.48121981900248 0.000499135676475651 0.0325326222507811
"XM_034476550.1" 6.92683501109922 -1.6457134233474 0.425769841129672 -3.86526537196933 0.000110968479958177 0.0120298890926089
"XM_034476829.1" 7.50492775794776 -6.23867486042399 1.8008656434006 -3.46426446819398 0.000531683512024003 0.034372853742858
"XM_034476955.1" 19.8436819340992 7.95446145278931 1.94852564447969 4.08229754395321 4.45926538452943e-05 0.00621993466306161
"XM_034477015.1" 16.4129968398794 1.18055205789889 0.30594243067562 3.85873922519293 0.000113973470533817 0.0121490383038589
"XM_034477591.1" 21.478566904419 -1.02405772345597 0.292884135099822 -3.49646020637801 0.000471474808792513 0.0313059273038229
"XM_034478134.1" 3.58697808025791 -2.60723118930691 0.657344936977506 -3.96630603301678 7.2995127015284e-05 0.0088125026069361
"XM_034478177.1" 266.617796914728 -0.70722684399093 0.174883001125045 -4.0439999281877 5.25469350608034e-05 0.00683582005819562
"XM_034478323.1" 9.08025194436513 1.63661943012206 0.352457838618976 4.64344738801887 3.42643275458439e-06 0.000846567943830338
"XM_034478793.1" 4.32998096998467 -3.08908574583024 0.86344200100534 -3.57764128017109 0.000346708827332076 0.0254698743759876
"XM_034478830.1" 2.10617821536581 4.5053682763992 0.87777457639573 5.13271675616181 2.85589530724681e-07 9.28807094209902e-05
"XM_034479290.1" 16.2095473792131 -3.10990013460245 0.759769814108084 -4.09321359819125 4.25435476602494e-05 0.00611272866329047
"XM_034479293.1" 14.4265528681308 7.51160455402082 0.884853272487224 8.48909620112105 2.08250284998126e-17 4.42490205564018e-14
"XM_034479294.1" 39.1065009067649 -3.69126848788933 0.79656998529589 -4.6339537718311 3.58747139069289e-06 0.000879537601262799
"XM_034479721.1" 35.413363994168 2.92994529326074 0.656772316423691 4.46112788251356 8.15294177671384e-06 0.00174396349199613
"XM_034480188.1" 25.4753881514246 -1.0068068154626 0.301959502804262 -3.33424451329566 0.000855314343279814 0.0468394823866224
"XM_034480222.1" 145.314425421144 -0.948895297379597 0.259869610821379 -3.65142847745987 0.000260785729259067 0.0213450667476328
"XM_034480331.1" 41.2070407669845 -4.84497311930852 1.33425747584211 -3.63121302074822 0.000282092220002096 0.0223652816813602
"XM_034480902.1" 15.5397835593231 7.34231177464823 1.88277842302285 3.89972164799932 9.63033403793146e-05 0.0108458659525425
"XM_034481530.1" 11.2331247631187 -2.69064433801981 0.795841746438176 -3.38087861068096 0.000722544556540037 0.0422549359743928
"XM_034481710.1" 11.2071755997024 4.44673647559182 0.580356194587402 7.66208152349124 1.82943444794669e-14 2.33230938899827e-11
"XM_034481737.1" 3.52456611342647 -1.9833118628304 0.485890328831577 -4.08180971125662 4.46863779757124e-05 0.00621993466306161
"XM_034481740.1" 126.507381098425 0.618278900145896 0.126065172448406 4.90443861804048 9.36949143864994e-07 0.000269031019038424
"XM_034481838.1" 3.25225349717916 -2.43328852343561 0.544929583565024 -4.46532652442287 7.99467284493686e-06 0.0017231535764612
"XM_034481868.1" 7.73218293225458 -1.38176732094208 0.370334146583648 -3.73113668747252 0.000190617759458344 0.0170656439029672
"XM_034481890.1" 4.40994365646296 -3.07121234427754 0.909734918616785 -3.37594202599939 0.00073563418365161 0.042629332184262
"XM_034482247.1" 10.3595068528915 -1.50616098259277 0.367809616976567 -4.09494725824074 4.22264503459107e-05 0.00611272866329047
"XM_034482265.1" 7.63555240450879 -1.24828895688532 0.299797942275645 -4.16376759430055 3.13038755418202e-05 0.0048907702022985
"XM_034482414.1" 14.4019574304733 2.08507620648921 0.560595095072806 3.71939787703355 0.000199698267885281 0.0173901180165018
"XM_034482422.1" 16.7195222818426 1.91299642885777 0.54655615072073 3.50009130138806 0.000465098829246996 0.031021433579189
"XM_034482608.1" 3.46794000334363 -1.51760114699826 0.459005783103964 -3.30627892471351 0.000945439233380554 0.0498029803669892
"XM_034482887.1" 50.4293910329879 -2.45007132369551 0.244840030502159 -10.0068249406377 1.42244498587072e-23 5.66702082370896e-20
"XM_034483005.1" 9.53492167630248 -5.595610855566 1.66264837464554 -3.36548060365375 0.000764104392029807 0.0440274353992875
"XM_034483031.1" 29.5782177662427 -3.26592492885037 0.564643919808299 -5.78404338429639 7.29261213023091e-09 3.76979357620789e-06
"XM_034483390.1" 25.5513401396129 0.517891957685356 0.15401650340857 3.36257443990603 0.000772193034268377 0.0440274353992875
"XM_034483436.1" 5.31372503792872 -5.74063311249745 1.28565541281249 -4.4651413242521 8.00159165776411e-06 0.0017231535764612
"XM_034483547.1" 4.20420709889875 -2.91074685633217 0.804186259927659 -3.61949339521668 0.000295180344735969 0.0230587939887863
"XM_034483593.1" 6.95569608500604 -2.84013920218906 0.807120562953365 -3.51885372836568 0.000433415598455441 0.0301089047028822
"XR_004596035.1" 3.35660644018544 5.29008014223672 1.13854454562875 4.64635324331148 3.37854284909264e-06 0.000841257169424068
"XR_004596351.1" 39.430651131965 0.700352700242299 0.205426861927443 3.40925570137788 0.00065140391866203 0.0393211092719625
"XR_004596743.1" 74.012389217859 -0.672814699084228 0.171546221031402 -3.92206074280743 8.77948507662451e-05 0.0101017959697537
"XR_004596906.1" 23.7593672045913 -0.8364580400083 0.217745159941327 -3.84145411192464 0.000122307603191618 0.0127881712960622
"XR_004596944.1" 3.63044332033734 2.19901189671836 0.654845181558553 3.35806379682697 0.000784904953753037 0.0446723047964585
"XR_004597797.1" 483.757205739699 4.04160656868964 0.341988204994736 11.8179706482914 3.15206889098477e-32 3.34875798978222e-28
"XR_004598294.1" 50.8088173044176 0.758398425010171 0.222302452229264 3.41156121943281 0.000645919951623004 0.0391279545869781
"XR_004598549.1" 18.6480338609979 -1.6070621847771 0.263481488234975 -6.09933622108551 1.06509826491067e-09 6.65623762730054e-07
"XR_004598733.1" 2.59597689708322 3.81415975648155 0.701208619783359 5.43940797199547 5.34579138871433e-08 2.10346991532226e-05
"XR_004598744.1" 2.59597689708322 3.81415975648155 0.701208619783359 5.43940797199547 5.34579138871433e-08 2.10346991532226e-05
"XR_004598752.1" 2.59597689708322 3.81415975648155 0.701208619783359 5.43940797199547 5.34579138871433e-08 2.10346991532226e-05
"XR_004599693.1" 2.80452503221154 3.88061257473568 0.768606203195988 5.04889572657555 4.44371188404861e-07 0.000138852926635684
"XR_004599841.1" 59.9380945734629 0.781712767156111 0.189044172664049 4.13507994528505 3.54831089409043e-05 0.00541108922566748
"XR_004600141.1" 22.7974569580414 -0.654289786403505 0.196932221610168 -3.32241103590801 0.000892431244301559 0.0480465686121272
"XR_004600166.1" 15.8371310321279 -1.93533808079908 0.514207594052116 -3.7637290914901 0.000167398228857276 0.0155548581636708
"XR_004600498.1" 106.619114542287 1.02689822990138 0.305186709677601 3.36481962463634 0.000765937134175489 0.0440274353992875
"XR_004600500.1" 102.706597785529 1.14176811652542 0.299971399156864 3.80625659557748 0.000141086008830686 0.0142353782717735
"XR_004600655.1" 3.14900071015163 -1.77941900677215 0.534185413252751 -3.33108872430071 0.000865070253390081 0.0472124853146995
"XR_004601051.1" 81.487975474063 -4.47798257002163 0.73965868172727 -6.05412020523376 1.41187156303679e-09 8.49040952020915e-07
"XR_004601053.1" 8.63226057593579 -5.15194224068282 0.877768170656725 -5.86936552601157 4.37466006970346e-09 2.44612571476472e-06
"XR_004601648.1" 278.076322747926 0.69967564025358 0.0820885138032378 8.52342925748015 1.54897404547481e-17 3.79760775210562e-14
"XR_004602054.1" 16.8026637463023 0.981027931600042 0.271001918711276 3.62000363785329 0.000294598873929546 0.0230587939887863
"XR_004602139.1" 11.3689449090224 -1.14982137872929 0.347009152020746 -3.31351888569368 0.000921298849812858 0.049103071808086
"XR_004602422.1" 6.33352923242363 -2.64469807450161 0.648724956938302 -4.07676326649036 4.56669446671588e-05 0.00627369336392968
"XR_004602535.1" 43.2703410379517 5.40691826559613 0.887307375957675 6.09362483858586 1.10382179115842e-09 6.7655784861156e-07
"XR_004602542.1" 35.1465702968506 3.93675612210293 0.502546324506187 7.83361837532345 4.74026126670729e-15 7.55408035462473e-12
"XR_004602869.1" 108.537616299493 -0.640646778261349 0.124449922576454 -5.14782785716702 2.63520153189922e-07 8.74886908590542e-05
"XR_004603302.1" 50.3207689344369 -0.960786231756258 0.280248960717641 -3.42833111422054 0.00060730426178924 0.0372230796764359
"XR_004604213.1" 196.184903291774 0.548803865287526 0.156793083104095 3.50017905396488 0.000464945741383723 0.031021433579189
"XR_898264.3" 192.098883815467 0.621287131728101 0.161577903298232 3.84512435825684 0.000120491316089339 0.0126794849031987
"XR_901070.3" 6.51704901075947 -2.28705803225052 0.560941619006957 -4.0771765808701 4.55858732328038e-05 0.00627369336392968
"XR_902175.3" 61.7098303978785 2.24534231964386 0.428384731064914 5.24141538392886 1.59349546290619e-07 5.5204225427985e-05
"XR_903526.3" 17.6238584286012 -1.97881978689713 0.521023377732545 -3.79794817558629 0.000145898817375254 0.0145315222105753
